N = 100000, x = 37, time taken = 0.076298500
N = 100000, x = 32, time taken = 0.067883500
N = 100000, x = 29, time taken = 0.066827300
N = 100000, x = 32, time taken = 0.065377100
